test/00000001.jpg 32 94 0 39 67 
test/00000002.jpg 77 12 89 34 40 
test/00000003.jpg 60 17 89 36 37 
test/00000004.jpg 93 4 55 49 3 
test/00000005.jpg 36 37 60 48 34 
test/00000006.jpg 70 38 18 63 62 
test/00000007.jpg 84 31 97 68 29 
test/00000008.jpg 97 43 35 87 68 
test/00000009.jpg 31 84 56 36 86 
test/00000010.jpg 59 58 70 18 62 
test/00000011.jpg 4 13 88 14 3 
test/00000012.jpg 84 97 9 29 43 
test/00000013.jpg 46 24 76 5 99 
test/00000014.jpg 97 9 98 68 35 
test/00000015.jpg 13 48 33 38 70 
test/00000016.jpg 63 41 22 1 90 
test/00000017.jpg 41 83 6 64 16 
test/00000018.jpg 96 9 29 76 44 
test/00000019.jpg 44 80 29 97 9 
test/00000020.jpg 35 98 55 57 61 
test/00000021.jpg 11 34 14 13 66 
test/00000022.jpg 73 74 34 85 46 
test/00000023.jpg 94 80 31 5 49 
test/00000024.jpg 29 80 9 44 96 
test/00000025.jpg 93 3 74 4 58 
test/00000026.jpg 60 19 70 36 76 
test/00000027.jpg 82 5 67 47 44 
test/00000028.jpg 76 19 52 39 35 
test/00000029.jpg 17 70 26 58 18 
test/00000030.jpg 0 5 32 94 30 
test/00000031.jpg 66 56 60 70 22 
test/00000032.jpg 39 19 52 96 76 
test/00000033.jpg 31 35 61 19 84 
test/00000034.jpg 32 67 61 71 35 
test/00000035.jpg 94 19 61 71 39 
test/00000036.jpg 92 46 79 53 21 
test/00000037.jpg 93 49 99 30 74 
test/00000038.jpg 54 80 89 14 66 
test/00000039.jpg 18 59 16 83 70 
test/00000040.jpg 76 96 43 19 9 
test/00000041.jpg 50 47 72 46 1 
test/00000042.jpg 77 21 79 55 92 
test/00000043.jpg 83 4 55 16 54 
test/00000044.jpg 36 2 76 5 9 
test/00000045.jpg 9 29 2 97 44 
test/00000046.jpg 29 9 43 98 80 
test/00000047.jpg 44 9 2 13 29 
test/00000048.jpg 27 81 46 72 50 
test/00000049.jpg 48 60 33 91 34 
test/00000050.jpg 99 21 42 31 49 
test/00000051.jpg 76 44 9 96 40 
test/00000052.jpg 9 29 96 98 97 
test/00000053.jpg 30 27 74 93 95 
test/00000054.jpg 25 36 13 60 34 
test/00000055.jpg 56 74 95 2 84 
test/00000056.jpg 52 35 24 39 79 
test/00000057.jpg 18 59 16 38 54 
test/00000058.jpg 86 28 10 58 20 
test/00000059.jpg 84 81 35 56 61 
test/00000060.jpg 28 34 91 20 14 
test/00000061.jpg 34 48 91 20 13 
test/00000062.jpg 14 36 37 20 25 
test/00000063.jpg 32 0 5 67 42 
test/00000064.jpg 73 20 47 34 6 
test/00000065.jpg 97 84 9 29 98 
test/00000066.jpg 26 28 91 65 58 
test/00000067.jpg 84 35 61 57 68 
test/00000068.jpg 18 83 16 54 70 
test/00000069.jpg 32 67 94 0 71 
test/00000070.jpg 97 9 35 68 40 
test/00000071.jpg 47 91 7 28 76 
test/00000072.jpg 0 71 42 5 46 
test/00000073.jpg 32 52 61 94 24 
test/00000074.jpg 0 32 94 67 5 
test/00000075.jpg 28 91 3 65 10 
test/00000076.jpg 77 21 4 12 40 
test/00000077.jpg 66 56 23 11 64 
test/00000078.jpg 20 63 28 78 34 
test/00000079.jpg 61 35 80 24 70 
test/00000080.jpg 29 80 10 9 96 
test/00000081.jpg 4 36 7 95 13 
test/00000082.jpg 40 85 12 77 89 
test/00000083.jpg 97 40 68 51 9 
test/00000084.jpg 60 7 76 72 19 
test/00000085.jpg 57 35 52 61 98 
test/00000086.jpg 83 96 89 30 16 
test/00000087.jpg 61 44 98 9 35 
test/00000088.jpg 96 9 76 44 2 
test/00000089.jpg 40 75 61 76 96 
test/00000090.jpg 71 87 94 42 15 
test/00000091.jpg 97 98 9 68 29 
test/00000092.jpg 48 33 70 13 78 
test/00000093.jpg 36 10 23 48 17 
test/00000094.jpg 8 13 48 34 11 
test/00000095.jpg 5 17 10 69 78 
test/00000096.jpg 4 21 40 30 87 
test/00000097.jpg 36 88 14 4 34 
test/00000098.jpg 38 70 62 63 33 
test/00000099.jpg 48 78 37 86 7 
test/00000100.jpg 26 37 20 10 28 
test/00000101.jpg 86 94 30 5 27 
test/00000102.jpg 30 77 5 85 96 
test/00000103.jpg 83 16 89 60 55 
test/00000104.jpg 0 94 9 5 67 
test/00000105.jpg 74 27 86 65 96 
test/00000106.jpg 70 17 54 37 78 
test/00000107.jpg 32 94 0 67 61 
test/00000108.jpg 70 62 17 76 63 
test/00000109.jpg 35 9 98 97 68 
test/00000110.jpg 13 34 17 11 14 
test/00000111.jpg 9 29 43 97 79 
test/00000112.jpg 6 22 69 66 11 
test/00000113.jpg 44 9 2 39 86 
test/00000114.jpg 89 49 30 86 76 
test/00000115.jpg 34 37 17 14 26 
test/00000116.jpg 55 79 46 49 92 
test/00000117.jpg 35 98 97 55 43 
test/00000118.jpg 38 18 8 62 70 
test/00000119.jpg 43 29 9 80 97 
test/00000120.jpg 97 29 9 44 98 
test/00000121.jpg 43 35 80 97 9 
test/00000122.jpg 35 55 57 44 43 
test/00000123.jpg 75 84 56 19 96 
test/00000124.jpg 93 5 78 3 19 
test/00000125.jpg 93 55 43 35 79 
test/00000126.jpg 96 86 76 19 39 
test/00000127.jpg 99 30 82 46 42 
test/00000128.jpg 53 52 43 81 35 
test/00000129.jpg 8 13 89 78 14 
test/00000130.jpg 4 57 98 80 68 
test/00000131.jpg 90 41 1 60 25 
test/00000132.jpg 35 44 55 16 98 
test/00000133.jpg 25 70 60 37 83 
test/00000134.jpg 36 89 34 60 90 
test/00000135.jpg 8 14 11 89 90 
test/00000136.jpg 80 29 44 9 97 
test/00000137.jpg 59 70 18 16 6 
test/00000138.jpg 29 44 61 97 68 
test/00000139.jpg 55 30 46 43 2 
test/00000140.jpg 88 34 3 28 65 
test/00000141.jpg 32 61 67 5 94 
test/00000142.jpg 48 13 36 78 34 
test/00000143.jpg 57 35 98 68 97 
test/00000144.jpg 5 9 76 96 43 
test/00000145.jpg 12 21 77 92 4 
test/00000146.jpg 33 70 58 38 54 
test/00000147.jpg 63 90 1 69 13 
test/00000148.jpg 9 29 44 97 80 
test/00000149.jpg 70 58 63 60 17 
test/00000150.jpg 25 41 1 34 37 
test/00000151.jpg 23 66 88 14 11 
test/00000152.jpg 70 38 19 33 78 
test/00000153.jpg 34 17 25 90 64 
test/00000154.jpg 89 60 37 17 10 
test/00000155.jpg 55 4 10 96 24 
test/00000156.jpg 1 60 64 91 50 
test/00000157.jpg 29 97 9 68 98 
test/00000158.jpg 61 6 84 35 44 
test/00000159.jpg 57 52 35 19 84 
test/00000160.jpg 1 36 37 48 34 
test/00000161.jpg 6 59 18 63 69 
test/00000162.jpg 70 38 33 62 59 
test/00000163.jpg 32 94 67 0 71 
test/00000164.jpg 10 91 48 26 60 
test/00000165.jpg 4 10 89 96 69 
test/00000166.jpg 26 20 74 86 82 
test/00000167.jpg 30 74 46 76 2 
test/00000168.jpg 9 35 44 29 55 
test/00000169.jpg 29 80 9 44 97 
test/00000170.jpg 95 15 87 66 74 
test/00000171.jpg 87 75 51 95 15 
test/00000172.jpg 84 56 57 35 55 
test/00000173.jpg 16 83 6 60 15 
test/00000174.jpg 76 96 39 86 27 
test/00000175.jpg 44 9 35 29 97 
test/00000176.jpg 6 45 41 17 60 
test/00000177.jpg 40 29 44 98 9 
test/00000178.jpg 70 54 18 62 38 
test/00000179.jpg 65 28 48 91 58 
test/00000180.jpg 97 98 9 35 29 
test/00000181.jpg 73 82 99 30 74 
test/00000182.jpg 15 87 95 51 74 
test/00000183.jpg 0 89 32 71 5 
test/00000184.jpg 24 42 46 5 71 
test/00000185.jpg 35 55 98 57 61 
test/00000186.jpg 4 19 84 55 68 
test/00000187.jpg 14 23 8 88 66 
test/00000188.jpg 93 55 57 4 79 
test/00000189.jpg 88 89 8 14 85 
test/00000190.jpg 52 19 72 24 35 
test/00000191.jpg 44 9 43 35 2 
test/00000192.jpg 75 87 90 1 8 
test/00000193.jpg 31 89 80 29 5 
test/00000194.jpg 35 68 40 97 98 
test/00000195.jpg 95 65 28 91 26 
test/00000196.jpg 98 97 35 68 9 
test/00000197.jpg 56 84 95 65 3 
test/00000198.jpg 88 3 8 73 66 
test/00000199.jpg 10 26 28 78 37 
test/00000200.jpg 25 36 90 34 60 
test/00000201.jpg 8 40 18 61 38 
test/00000202.jpg 63 58 60 69 93 
test/00000203.jpg 98 68 40 4 97 
test/00000204.jpg 84 56 57 49 43 
test/00000205.jpg 59 18 16 83 60 
test/00000206.jpg 56 84 95 11 44 
test/00000207.jpg 5 9 80 29 43 
test/00000208.jpg 56 60 22 11 66 
test/00000209.jpg 56 13 93 60 1 
test/00000210.jpg 56 84 44 35 83 
test/00000211.jpg 91 28 48 34 65 
test/00000212.jpg 66 14 23 95 13 
test/00000213.jpg 93 57 55 80 4 
test/00000214.jpg 4 80 94 5 29 
test/00000215.jpg 9 29 39 86 43 
test/00000216.jpg 41 90 89 0 6 
test/00000217.jpg 36 23 60 89 34 
test/00000218.jpg 40 12 21 77 92 
test/00000219.jpg 9 96 76 29 97 
test/00000220.jpg 35 57 98 97 43 
test/00000221.jpg 21 77 40 99 12 
test/00000222.jpg 59 18 62 54 1 
test/00000223.jpg 80 4 88 85 49 
test/00000224.jpg 66 11 22 60 6 
test/00000225.jpg 84 57 35 44 61 
test/00000226.jpg 18 16 38 70 59 
test/00000227.jpg 25 90 60 1 74 
test/00000228.jpg 58 65 74 91 28 
test/00000229.jpg 9 29 44 96 80 
test/00000230.jpg 4 89 79 40 90 
test/00000231.jpg 84 52 9 68 35 
test/00000232.jpg 76 96 9 43 40 
test/00000233.jpg 83 16 6 64 41 
test/00000234.jpg 84 68 98 9 97 
test/00000235.jpg 44 9 40 35 98 
test/00000236.jpg 87 15 2 30 75 
test/00000237.jpg 56 95 74 30 46 
test/00000238.jpg 21 77 4 40 12 
test/00000239.jpg 9 5 43 0 97 
test/00000240.jpg 25 60 90 1 74 
test/00000241.jpg 78 34 13 10 48 
test/00000242.jpg 77 21 12 40 4 
test/00000243.jpg 70 38 62 33 63 
test/00000244.jpg 52 9 19 24 76 
test/00000245.jpg 96 76 43 9 55 
test/00000246.jpg 54 33 70 4 1 
test/00000247.jpg 93 5 49 43 31 
test/00000248.jpg 4 77 21 40 12 
test/00000249.jpg 43 5 55 29 79 
test/00000250.jpg 59 17 6 58 60 
test/00000251.jpg 19 60 36 84 89 
test/00000252.jpg 56 4 11 28 8 
test/00000253.jpg 70 17 34 66 33 
test/00000254.jpg 80 29 9 44 5 
test/00000255.jpg 48 36 37 70 34 
test/00000256.jpg 34 26 17 60 86 
test/00000257.jpg 84 56 31 61 3 
test/00000258.jpg 97 35 98 9 68 
test/00000259.jpg 85 61 73 49 76 
test/00000260.jpg 10 17 26 28 48 
test/00000261.jpg 11 14 66 8 13 
test/00000262.jpg 60 54 63 1 58 
test/00000263.jpg 84 68 97 43 35 
test/00000264.jpg 34 37 20 28 73 
test/00000265.jpg 89 63 69 13 90 
test/00000266.jpg 60 7 34 36 69 
test/00000267.jpg 74 46 27 39 76 
test/00000268.jpg 38 70 62 13 33 
test/00000269.jpg 54 18 70 60 16 
test/00000270.jpg 73 47 46 50 28 
test/00000271.jpg 60 47 70 37 63 
test/00000272.jpg 44 35 9 29 80 
test/00000273.jpg 60 89 26 69 7 
test/00000274.jpg 41 90 60 25 56 
test/00000275.jpg 6 41 63 1 22 
test/00000276.jpg 52 35 39 47 3 
test/00000277.jpg 60 6 66 69 83 
test/00000278.jpg 83 41 64 60 16 
test/00000279.jpg 46 99 30 82 74 
test/00000280.jpg 7 1 48 10 69 
test/00000281.jpg 16 18 83 59 58 
test/00000282.jpg 91 48 28 10 65 
test/00000283.jpg 4 57 55 98 68 
test/00000284.jpg 76 39 61 86 44 
test/00000285.jpg 14 34 88 26 36 
test/00000286.jpg 80 98 29 89 44 
test/00000287.jpg 8 13 78 11 14 
test/00000288.jpg 1 13 38 8 48 
test/00000289.jpg 61 80 35 98 44 
test/00000290.jpg 9 44 29 97 98 
test/00000291.jpg 82 30 99 31 0 
test/00000292.jpg 14 11 8 22 80 
test/00000293.jpg 71 42 0 5 2 
test/00000294.jpg 23 8 89 85 88 
test/00000295.jpg 36 88 14 23 89 
test/00000296.jpg 0 5 71 94 32 
test/00000297.jpg 90 48 78 10 13 
test/00000298.jpg 21 77 40 4 91 
test/00000299.jpg 40 21 96 99 77 
test/00000300.jpg 95 87 74 15 75 
test/00000301.jpg 54 70 16 60 83 
test/00000302.jpg 66 23 14 11 88 
test/00000303.jpg 31 84 61 32 67 
test/00000304.jpg 42 71 67 2 0 
test/00000305.jpg 99 21 30 82 5 
test/00000306.jpg 44 81 35 84 67 
test/00000307.jpg 1 13 36 48 8 
test/00000308.jpg 87 74 58 95 15 
test/00000309.jpg 54 25 57 41 83 
test/00000310.jpg 90 89 41 60 22 
test/00000311.jpg 19 60 46 16 70 
test/00000312.jpg 16 83 18 70 38 
test/00000313.jpg 8 14 17 13 88 
test/00000314.jpg 10 26 19 91 22 
test/00000315.jpg 83 16 6 64 60 
test/00000316.jpg 12 40 77 21 92 
test/00000317.jpg 51 0 5 9 97 
test/00000318.jpg 43 19 89 9 29 
test/00000319.jpg 8 13 23 11 66 
test/00000320.jpg 21 77 92 99 40 
test/00000321.jpg 47 73 82 39 85 
test/00000322.jpg 84 56 31 81 35 
test/00000323.jpg 86 27 96 7 55 
test/00000324.jpg 62 70 45 59 18 
test/00000325.jpg 85 0 5 39 92 
test/00000326.jpg 48 91 28 10 34 
test/00000327.jpg 57 98 68 97 55 
test/00000328.jpg 5 31 49 80 24 
test/00000329.jpg 70 74 17 33 58 
test/00000330.jpg 73 74 34 28 58 
test/00000331.jpg 57 98 35 68 55 
test/00000332.jpg 48 78 94 65 3 
test/00000333.jpg 63 13 11 48 1 
test/00000334.jpg 89 69 90 0 5 
test/00000335.jpg 9 44 29 96 43 
test/00000336.jpg 62 18 59 70 54 
test/00000337.jpg 34 17 70 48 14 
test/00000338.jpg 5 90 76 60 41 
test/00000339.jpg 13 48 63 34 1 
test/00000340.jpg 82 89 30 39 90 
test/00000341.jpg 51 40 9 53 97 
test/00000342.jpg 36 89 60 0 34 
test/00000343.jpg 63 41 64 38 6 
test/00000344.jpg 70 37 17 38 78 
test/00000345.jpg 36 90 60 17 22 
test/00000346.jpg 32 0 67 94 5 
test/00000347.jpg 4 56 22 3 21 
test/00000348.jpg 75 87 95 74 51 
test/00000349.jpg 95 26 10 87 15 
test/00000350.jpg 46 32 73 47 67 
test/00000351.jpg 95 66 74 3 56 
test/00000352.jpg 73 47 50 82 46 
test/00000353.jpg 97 68 98 77 35 
test/00000354.jpg 96 76 86 39 36 
test/00000355.jpg 89 60 6 69 17 
test/00000356.jpg 57 84 35 98 61 
test/00000357.jpg 61 52 35 57 19 
test/00000358.jpg 66 56 84 23 88 
test/00000359.jpg 2 94 71 67 86 
test/00000360.jpg 41 5 0 89 49 
test/00000361.jpg 41 60 34 6 64 
test/00000362.jpg 96 76 30 89 43 
test/00000363.jpg 75 23 87 66 90 
test/00000364.jpg 72 57 19 46 60 
test/00000365.jpg 89 60 76 5 90 
test/00000366.jpg 89 30 60 90 0 
test/00000367.jpg 54 31 86 18 1 
test/00000368.jpg 14 23 66 88 17 
test/00000369.jpg 0 30 5 40 32 
test/00000370.jpg 81 84 19 56 60 
test/00000371.jpg 57 35 19 98 43 
test/00000372.jpg 41 5 0 90 89 
test/00000373.jpg 0 89 41 5 90 
test/00000374.jpg 62 18 45 70 78 
test/00000375.jpg 87 51 75 15 11 
test/00000376.jpg 81 75 51 27 24 
test/00000377.jpg 18 62 45 38 6 
test/00000378.jpg 54 70 60 22 33 
test/00000379.jpg 28 58 3 91 10 
test/00000380.jpg 11 22 66 56 14 
test/00000381.jpg 14 48 78 8 26 
test/00000382.jpg 8 76 89 2 90 
test/00000383.jpg 87 40 15 71 51 
test/00000384.jpg 62 45 18 33 58 
test/00000385.jpg 9 44 96 97 2 
test/00000386.jpg 83 64 69 6 89 
test/00000387.jpg 36 89 0 85 39 
test/00000388.jpg 0 41 69 89 5 
test/00000389.jpg 61 35 52 19 24 
test/00000390.jpg 4 55 77 79 92 
test/00000391.jpg 41 64 83 6 16 
test/00000392.jpg 49 4 94 31 0 
test/00000393.jpg 30 39 43 82 85 
test/00000394.jpg 85 39 52 73 47 
test/00000395.jpg 90 60 89 22 69 
test/00000396.jpg 29 82 30 80 41 
test/00000397.jpg 32 39 94 0 71 
test/00000398.jpg 50 47 26 70 60 
test/00000399.jpg 9 96 76 44 2 
test/00000400.jpg 75 87 76 81 66 
test/00000401.jpg 88 23 34 14 66 
test/00000402.jpg 77 40 12 21 92 
test/00000403.jpg 13 78 23 66 10 
test/00000404.jpg 36 19 4 57 27 
test/00000405.jpg 48 1 13 63 8 
test/00000406.jpg 80 54 4 89 43 
test/00000407.jpg 35 40 9 76 97 
test/00000408.jpg 36 19 7 76 60 
test/00000409.jpg 76 96 74 39 90 
test/00000410.jpg 88 4 80 49 14 
test/00000411.jpg 8 76 89 36 90 
test/00000412.jpg 37 48 26 60 20 
test/00000413.jpg 83 69 29 64 6 
test/00000414.jpg 6 17 70 88 66 
test/00000415.jpg 92 27 12 49 74 
test/00000416.jpg 21 99 4 91 3 
test/00000417.jpg 82 47 46 99 50 
test/00000418.jpg 35 84 98 57 52 
test/00000419.jpg 93 52 35 3 39 
test/00000420.jpg 33 58 13 54 17 
test/00000421.jpg 77 21 12 92 40 
test/00000422.jpg 4 36 80 96 14 
test/00000423.jpg 35 43 57 52 55 
test/00000424.jpg 29 44 9 80 97 
test/00000425.jpg 15 87 22 95 74 
test/00000426.jpg 4 55 40 77 79 
test/00000427.jpg 21 91 4 99 28 
test/00000428.jpg 60 6 64 41 83 
test/00000429.jpg 60 70 64 38 90 
test/00000430.jpg 52 72 38 24 53 
test/00000431.jpg 4 13 8 14 91 
test/00000432.jpg 30 0 5 32 94 
test/00000433.jpg 24 89 43 35 76 
test/00000434.jpg 54 41 11 22 66 
test/00000435.jpg 70 58 48 63 33 
test/00000436.jpg 16 18 83 59 54 
test/00000437.jpg 76 47 73 46 50 
test/00000438.jpg 71 32 85 3 0 
test/00000439.jpg 28 10 48 4 78 
test/00000440.jpg 89 36 17 60 37 
test/00000441.jpg 44 9 29 80 2 
test/00000442.jpg 98 35 44 97 68 
test/00000443.jpg 14 8 36 88 11 
test/00000444.jpg 70 60 17 26 34 
test/00000445.jpg 0 41 89 14 69 
test/00000446.jpg 25 34 36 90 48 
test/00000447.jpg 91 65 48 28 8 
test/00000448.jpg 76 27 86 74 96 
test/00000449.jpg 61 85 82 32 35 
test/00000450.jpg 9 29 35 43 97 
test/00000451.jpg 94 47 76 39 31 
test/00000452.jpg 9 96 43 40 97 
test/00000453.jpg 27 74 46 93 39 
test/00000454.jpg 44 76 9 35 40 
test/00000455.jpg 5 89 69 32 29 
test/00000456.jpg 2 9 44 43 35 
test/00000457.jpg 97 68 98 35 52 
test/00000458.jpg 20 78 48 28 14 
test/00000459.jpg 91 34 65 48 28 
test/00000460.jpg 22 70 60 6 66 
test/00000461.jpg 47 89 26 20 73 
test/00000462.jpg 4 13 88 56 14 
test/00000463.jpg 52 76 39 24 85 
test/00000464.jpg 39 71 75 32 5 
test/00000465.jpg 87 15 95 75 81 
test/00000466.jpg 76 35 44 19 96 
test/00000467.jpg 93 66 11 95 13 
test/00000468.jpg 33 58 70 17 34 
test/00000469.jpg 86 94 27 9 2 
test/00000470.jpg 15 95 74 58 51 
test/00000471.jpg 36 86 2 90 7 
test/00000472.jpg 96 19 26 76 10 
test/00000473.jpg 74 58 3 25 4 
test/00000474.jpg 99 30 74 21 82 
test/00000475.jpg 37 5 70 60 36 
test/00000476.jpg 9 44 29 97 98 
test/00000477.jpg 55 30 43 49 29 
test/00000478.jpg 70 18 38 17 16 
test/00000479.jpg 12 21 77 4 40 
test/00000480.jpg 12 77 92 40 21 
test/00000481.jpg 66 95 88 29 14 
test/00000482.jpg 8 14 88 36 11 
test/00000483.jpg 29 55 46 30 43 
test/00000484.jpg 35 57 61 84 55 
test/00000485.jpg 13 48 17 78 11 
test/00000486.jpg 96 76 86 89 39 
test/00000487.jpg 83 16 18 54 41 
test/00000488.jpg 63 90 1 38 64 
test/00000489.jpg 52 53 35 81 72 
test/00000490.jpg 54 58 66 33 23 
test/00000491.jpg 56 95 74 72 3 
test/00000492.jpg 23 89 8 94 14 
test/00000493.jpg 74 7 86 19 95 
test/00000494.jpg 46 27 72 76 55 
test/00000495.jpg 89 29 9 69 43 
test/00000496.jpg 35 98 57 55 43 
test/00000497.jpg 9 44 61 55 98 
test/00000498.jpg 44 9 29 80 97 
test/00000499.jpg 14 88 11 8 23 
test/00000500.jpg 13 29 26 11 9 
test/00000501.jpg 4 93 57 80 98 
test/00000502.jpg 41 90 69 89 5 
test/00000503.jpg 74 11 27 86 14 
test/00000504.jpg 61 24 32 47 52 
test/00000505.jpg 85 71 39 32 0 
test/00000506.jpg 13 38 63 45 62 
test/00000507.jpg 38 70 18 62 16 
test/00000508.jpg 98 89 44 29 43 
test/00000509.jpg 91 48 28 4 10 
test/00000510.jpg 60 42 0 32 46 
test/00000511.jpg 59 16 18 83 70 
test/00000512.jpg 84 4 57 19 31 
test/00000513.jpg 89 60 82 73 37 
test/00000514.jpg 41 89 64 83 86 
test/00000515.jpg 48 65 91 3 28 
test/00000516.jpg 43 55 35 9 97 
test/00000517.jpg 94 67 29 32 80 
test/00000518.jpg 70 60 33 38 54 
test/00000519.jpg 86 7 34 74 56 
test/00000520.jpg 26 17 78 70 10 
test/00000521.jpg 10 78 26 48 28 
test/00000522.jpg 90 60 36 86 69 
test/00000523.jpg 16 83 18 54 70 
test/00000524.jpg 76 12 77 96 24 
test/00000525.jpg 46 30 49 55 2 
test/00000526.jpg 1 63 38 70 33 
test/00000527.jpg 4 3 13 14 23 
test/00000528.jpg 36 88 14 8 7 
test/00000529.jpg 87 75 15 11 51 
test/00000530.jpg 90 34 28 6 91 
test/00000531.jpg 8 4 88 3 56 
test/00000532.jpg 44 35 61 16 55 
test/00000533.jpg 85 32 39 0 67 
test/00000534.jpg 27 96 76 46 74 
test/00000535.jpg 60 56 34 75 26 
test/00000536.jpg 86 39 30 49 85 
test/00000537.jpg 91 8 28 48 13 
test/00000538.jpg 46 58 99 72 70 
test/00000539.jpg 80 98 57 61 4 
test/00000540.jpg 14 13 23 66 11 
test/00000541.jpg 85 52 98 49 61 
test/00000542.jpg 40 21 77 4 99 
test/00000543.jpg 19 54 17 89 60 
test/00000544.jpg 84 46 56 27 31 
test/00000545.jpg 15 87 51 95 75 
test/00000546.jpg 60 89 37 70 36 
test/00000547.jpg 5 0 76 40 71 
test/00000548.jpg 31 32 94 67 49 
test/00000549.jpg 1 60 63 70 54 
test/00000550.jpg 56 50 73 95 60 
test/00000551.jpg 62 59 17 18 70 
test/00000552.jpg 41 73 34 14 6 
test/00000553.jpg 9 97 96 29 43 
test/00000554.jpg 87 15 51 21 74 
test/00000555.jpg 41 60 6 90 16 
test/00000556.jpg 60 36 89 7 19 
test/00000557.jpg 70 54 59 60 17 
test/00000558.jpg 25 13 63 70 78 
test/00000559.jpg 12 40 92 77 21 
test/00000560.jpg 46 50 81 47 72 
test/00000561.jpg 71 0 5 9 29 
test/00000562.jpg 53 52 35 57 61 
test/00000563.jpg 40 21 77 99 4 
test/00000564.jpg 84 56 44 35 57 
test/00000565.jpg 51 15 87 21 30 
test/00000566.jpg 16 83 57 35 64 
test/00000567.jpg 65 48 3 1 91 
test/00000568.jpg 7 91 28 86 20 
test/00000569.jpg 16 83 64 18 38 
test/00000570.jpg 83 16 41 18 64 
test/00000571.jpg 24 77 89 76 4 
test/00000572.jpg 60 59 70 54 22 
test/00000573.jpg 94 0 67 5 32 
test/00000574.jpg 26 70 17 78 37 
test/00000575.jpg 0 5 30 71 46 
test/00000576.jpg 9 43 19 52 35 
test/00000577.jpg 60 90 54 64 70 
test/00000578.jpg 66 34 14 26 28 
test/00000579.jpg 95 23 89 2 66 
test/00000580.jpg 18 62 54 59 70 
test/00000581.jpg 23 66 14 8 11 
test/00000582.jpg 40 44 9 98 97 
test/00000583.jpg 33 48 10 58 91 
test/00000584.jpg 70 33 17 37 58 
test/00000585.jpg 51 9 40 97 27 
test/00000586.jpg 86 30 26 60 96 
test/00000587.jpg 57 98 55 68 97 
test/00000588.jpg 89 80 88 98 85 
test/00000589.jpg 9 44 76 96 29 
test/00000590.jpg 41 64 6 69 60 
test/00000591.jpg 89 77 49 4 76 
test/00000592.jpg 60 6 59 83 18 
test/00000593.jpg 41 0 5 89 69 
test/00000594.jpg 60 90 22 89 23 
test/00000595.jpg 26 10 54 86 58 
test/00000596.jpg 17 14 70 23 37 
test/00000597.jpg 5 0 71 32 67 
test/00000598.jpg 9 40 61 80 98 
test/00000599.jpg 70 6 54 17 60 
test/00000600.jpg 23 88 14 66 36 
test/00000601.jpg 4 13 88 14 8 
test/00000602.jpg 39 94 32 67 52 
test/00000603.jpg 95 15 87 75 81 
test/00000604.jpg 77 12 21 40 92 
test/00000605.jpg 34 12 25 20 88 
test/00000606.jpg 80 29 5 10 9 
test/00000607.jpg 87 95 65 2 3 
test/00000608.jpg 77 21 12 92 40 
test/00000609.jpg 5 90 76 24 86 
test/00000610.jpg 76 96 81 39 86 
test/00000611.jpg 73 82 20 34 64 
test/00000612.jpg 16 83 18 54 89 
test/00000613.jpg 80 29 8 97 44 
test/00000614.jpg 89 83 41 96 60 
test/00000615.jpg 73 41 37 59 6 
test/00000616.jpg 9 80 29 98 44 
test/00000617.jpg 91 60 34 58 90 
test/00000618.jpg 9 97 98 43 29 
test/00000619.jpg 96 55 9 76 44 
test/00000620.jpg 52 19 35 81 24 
test/00000621.jpg 4 98 85 57 68 
test/00000622.jpg 90 60 89 7 36 
test/00000623.jpg 97 9 29 68 40 
test/00000624.jpg 56 47 71 42 50 
test/00000625.jpg 7 24 36 1 90 
test/00000626.jpg 5 76 9 96 82 
test/00000627.jpg 93 35 52 95 56 
test/00000628.jpg 61 5 35 82 67 
test/00000629.jpg 90 41 34 60 89 
test/00000630.jpg 34 6 17 26 60 
test/00000631.jpg 25 20 26 86 60 
test/00000632.jpg 38 70 52 24 62 
test/00000633.jpg 1 50 90 7 63 
test/00000634.jpg 9 44 96 5 75 
test/00000635.jpg 96 9 76 43 29 
test/00000636.jpg 44 9 75 76 40 
test/00000637.jpg 99 46 74 30 96 
test/00000638.jpg 77 12 4 40 21 
test/00000639.jpg 90 64 63 69 70 
test/00000640.jpg 48 91 7 22 78 
test/00000641.jpg 48 28 13 91 10 
test/00000642.jpg 34 14 90 86 20 
test/00000643.jpg 91 28 48 65 10 
test/00000644.jpg 94 44 76 9 86 
test/00000645.jpg 44 81 75 40 9 
test/00000646.jpg 25 90 76 36 1 
test/00000647.jpg 44 9 29 80 97 
test/00000648.jpg 28 26 78 48 10 
test/00000649.jpg 60 34 73 6 26 
test/00000650.jpg 51 35 40 97 81 
test/00000651.jpg 16 18 41 83 59 
test/00000652.jpg 34 17 78 37 70 
test/00000653.jpg 5 43 86 0 85 
test/00000654.jpg 54 10 18 17 89 
test/00000655.jpg 89 0 41 5 14 
test/00000656.jpg 48 13 78 10 37 
test/00000657.jpg 34 40 12 26 20 
test/00000658.jpg 18 59 54 62 38 
test/00000659.jpg 48 33 13 22 91 
test/00000660.jpg 58 48 70 37 10 
test/00000661.jpg 14 25 36 8 23 
test/00000662.jpg 26 34 58 28 66 
test/00000663.jpg 85 73 41 5 34 
test/00000664.jpg 96 76 9 43 39 
test/00000665.jpg 95 15 74 87 51 
test/00000666.jpg 83 16 18 60 89 
test/00000667.jpg 87 8 15 90 1 
test/00000668.jpg 4 13 88 3 14 
test/00000669.jpg 61 6 41 16 89 
test/00000670.jpg 29 40 44 9 80 
test/00000671.jpg 38 33 70 78 13 
test/00000672.jpg 80 44 98 61 35 
test/00000673.jpg 34 36 48 66 13 
test/00000674.jpg 36 4 88 3 66 
test/00000675.jpg 36 32 67 0 94 
test/00000676.jpg 40 9 44 29 97 
test/00000677.jpg 9 29 97 98 44 
test/00000678.jpg 86 7 39 36 30 
test/00000679.jpg 96 76 39 9 29 
test/00000680.jpg 59 18 62 16 70 
test/00000681.jpg 57 35 43 80 55 
test/00000682.jpg 1 90 48 76 7 
test/00000683.jpg 9 44 29 97 98 
test/00000684.jpg 9 44 35 55 97 
test/00000685.jpg 11 66 34 14 13 
test/00000686.jpg 86 82 39 96 94 
test/00000687.jpg 4 13 88 44 14 
test/00000688.jpg 28 91 48 10 20 
test/00000689.jpg 28 91 65 10 26 
test/00000690.jpg 90 22 23 63 37 
test/00000691.jpg 62 70 58 17 18 
test/00000692.jpg 95 93 51 57 79 
test/00000693.jpg 83 73 74 60 30 
test/00000694.jpg 51 30 99 15 46 
test/00000695.jpg 35 55 43 29 97 
test/00000696.jpg 9 43 44 35 98 
test/00000697.jpg 70 6 17 60 64 
test/00000698.jpg 47 50 76 26 37 
test/00000699.jpg 12 92 40 77 21 
test/00000700.jpg 36 86 76 94 65 
test/00000701.jpg 35 4 97 68 98 
test/00000702.jpg 73 50 47 34 74 
test/00000703.jpg 4 84 44 29 61 
test/00000704.jpg 3 74 65 95 72 
test/00000705.jpg 6 18 63 38 59 
test/00000706.jpg 52 49 79 55 35 
test/00000707.jpg 77 76 21 92 24 
test/00000708.jpg 53 49 51 9 44 
test/00000709.jpg 73 47 50 34 74 
test/00000710.jpg 1 54 33 7 18 
test/00000711.jpg 51 87 27 75 99 
test/00000712.jpg 87 75 65 21 3 
test/00000713.jpg 34 75 3 25 60 
test/00000714.jpg 76 35 19 53 39 
test/00000715.jpg 57 35 52 19 81 
test/00000716.jpg 54 10 26 17 89 
test/00000717.jpg 57 35 98 55 68 
test/00000718.jpg 0 41 89 69 30 
test/00000719.jpg 88 89 98 41 80 
test/00000720.jpg 4 28 48 78 8 
test/00000721.jpg 9 43 97 29 98 
test/00000722.jpg 96 9 76 44 43 
test/00000723.jpg 94 32 85 39 0 
test/00000724.jpg 73 58 6 74 28 
test/00000725.jpg 89 90 36 23 8 
test/00000726.jpg 60 89 36 96 90 
test/00000727.jpg 76 44 80 35 9 
test/00000728.jpg 5 0 89 86 17 
test/00000729.jpg 57 52 35 84 81 
test/00000730.jpg 44 89 66 23 17 
test/00000731.jpg 85 61 40 32 0 
test/00000732.jpg 18 45 74 39 62 
test/00000733.jpg 13 48 26 10 78 
test/00000734.jpg 34 88 14 8 0 
test/00000735.jpg 18 59 62 70 54 
test/00000736.jpg 93 49 3 79 52 
test/00000737.jpg 26 17 10 70 36 
test/00000738.jpg 36 14 37 86 13 
test/00000739.jpg 8 41 90 14 89 
test/00000740.jpg 50 47 71 39 65 
test/00000741.jpg 59 16 19 18 70 
test/00000742.jpg 88 8 14 11 3 
test/00000743.jpg 70 33 48 38 54 
test/00000744.jpg 91 28 65 21 3 
test/00000745.jpg 8 88 14 36 37 
test/00000746.jpg 21 92 77 99 12 
test/00000747.jpg 43 83 89 41 60 
test/00000748.jpg 9 55 35 97 43 
test/00000749.jpg 16 18 83 54 70 
test/00000750.jpg 44 81 35 55 61 
test/00000751.jpg 83 54 89 57 16 
test/00000752.jpg 70 17 37 26 78 
test/00000753.jpg 76 29 79 27 55 
test/00000754.jpg 84 31 35 56 19 
test/00000755.jpg 61 67 32 94 31 
test/00000756.jpg 19 70 54 7 60 
test/00000757.jpg 44 81 6 35 9 
test/00000758.jpg 88 14 34 23 8 
test/00000759.jpg 96 9 76 86 43 
test/00000760.jpg 83 16 18 64 41 
test/00000761.jpg 97 29 4 98 80 
test/00000762.jpg 6 60 34 69 83 
test/00000763.jpg 90 60 25 36 1 
test/00000764.jpg 61 80 36 88 98 
test/00000765.jpg 80 43 29 5 9 
test/00000766.jpg 55 27 96 9 29 
test/00000767.jpg 0 5 49 88 24 
test/00000768.jpg 12 92 77 40 21 
